490211823|45172
480064554|45172
490272662|45172
490621837|45172
490591172|45172
480449256|45172
480512815|45172
490211672|45172
490571598|45172
490507427|45172
490248450|45172
490094329|45172
490621893|45172
480515780|45172
490312201|45172
450263628|45172
490488207|45172
460380335|45172
430065464|45172
480177980|45172
490605712|27704
490620564|27704
490164286|27704
490603534|27704
490338119|27704
490358313|27704
311239900|27704
500109515|27704
490320859|27704
490530333|27704
490544547|27704
480443287|27704
480331456|27704
480080738|27704
490227536|27704
490142756|27704
490066304|27704
480512457|27704
490128185|27704
490371699|27704
490307919|127108
490038792|127108
490306093|127108
490578243|127108
440332248|127108
480485575|127108
480155416|127108
470002825|127108
480254672|127108
490537767|127108
490484933|127108
490226311|127108
490555484|127108
490541948|127108
470275267|127108
490221604|127108
490583731|127108
490507346|127108
490138737|127108
490540527|127108
450041716|25827
490528776|25827
480225421|25827
490588231|25827
490624610|25827
490454305|25827
470376841|25827
480127480|25827
480412364|25827
480419846|25827
490536313|25827
490370603|25827
490547205|25827
490588367|25827
490347764|25827
490552575|25827
490506578|25827
490201905|25827
490146754|25827
470473667|25827